MEME version 5.4.1 (Tue Mar 1 19:18:48 2022 -0800)

ALPHABET= ACGT

strands: + -

Background letter frequencies (from uniform background):
A 0.25000 C 0.25000 G 0.25000 T 0.25000 

MOTIF EXPREG_00000020 LexA_C.glutamicum

letter-probability matrix: alength= 4 w= 17 nsites= 40 E= 0
  0.250000	  0.200000	  0.050000	  0.500000	
  0.075000	  0.100000	  0.050000	  0.775000	
  0.150000	  0.750000	  0.025000	  0.075000	
  0.150000	  0.000000	  0.825000	  0.025000	
  0.625000	  0.225000	  0.050000	  0.100000	
  0.900000	  0.025000	  0.000000	  0.075000	
  0.200000	  0.650000	  0.025000	  0.125000	
  0.900000	  0.000000	  0.075000	  0.025000	
  0.425000	  0.150000	  0.075000	  0.350000	
  0.450000	  0.125000	  0.375000	  0.050000	
  0.000000	  0.050000	  0.200000	  0.750000	
  0.000000	  0.075000	  0.575000	  0.350000	
  0.100000	  0.025000	  0.025000	  0.850000	
  0.075000	  0.075000	  0.025000	  0.825000	
  0.000000	  0.875000	  0.000000	  0.125000	
  0.100000	  0.125000	  0.550000	  0.225000	
  0.850000	  0.075000	  0.050000	  0.025000	

URL http://www.collectf.org/EXPREG_00000020
